/* CONJUNTOS */
param N_total:= 150 ;

/* PARAMETROS */
param P:= 137 ;
param R:= 0.14554425309821817 ;
param c1:= 1.0 ;
param c2:= 0.2 ;
param nombre_instancia := "wsc_0_R0p1455_pre13" ;

param : coordx coordy flag prob_ohca:=
1 0.346970 0.853322 0 0.3201
2 0.190631 0.955796 0 0.0316
3 0.285587 0.220067 1 0.0000
4 0.443946 0.194091 0 0.1079
5 0.315193 0.817380 0 0.3752
6 0.178886 0.482498 1 0.0000
7 0.365949 0.558997 0 0.0034
8 0.537121 0.829927 0 0.0537
9 0.367247 0.377509 0 0.0571
10 0.862992 0.746270 0 0.0216
11 0.948259 0.440609 1 0.0000
12 0.888128 0.281776 0 0.0009
13 0.594512 0.398323 0 0.7051
14 0.420096 0.887460 0 0.1962
15 0.538905 0.286403 0 0.0201
16 0.191380 0.494397 0 0.0104
17 0.091516 0.254180 0 0.0444
18 0.409762 0.646004 0 0.1193
19 0.645706 0.866121 0 0.2298
20 0.888995 0.563356 0 0.1808
21 0.067363 0.427046 0 0.0051
22 0.512684 0.109289 0 0.0000
23 0.563134 0.325122 0 0.0045
24 0.897249 0.440986 0 0.0623
25 0.435631 0.710447 0 0.0118
26 0.353889 0.495662 1 0.0000
27 0.966499 0.943270 0 0.0027
28 0.889483 0.193024 0 0.1736
29 0.732310 0.043275 0 0.2353
30 0.890583 0.960281 0 0.6423
31 0.683930 0.844991 0 0.7545
32 0.852324 0.922720 0 0.2601
33 0.008917 0.393026 0 0.0623
34 0.247861 0.267280 0 0.0372
35 0.369377 0.829409 0 0.7894
36 0.535760 0.327397 0 0.0574
37 0.727860 0.348277 0 0.2095
38 0.142242 0.184400 1 0.0000
39 0.644975 0.972760 0 0.0015
40 0.432376 0.945055 0 0.7868
41 0.001873 0.338628 0 0.3762
42 0.529850 0.599249 0 0.0045
43 0.945696 0.175119 1 0.0000
44 0.821039 0.363370 0 0.8753
45 0.468699 0.841746 0 0.0210
46 0.941952 0.202504 0 0.0097
47 0.567701 0.540138 0 0.1052
48 0.963646 0.759695 0 0.0007
49 0.042471 0.727233 0 0.5543
50 0.865083 0.789963 0 0.0158
51 0.021410 0.148992 0 0.0874
52 0.758134 0.024399 0 0.2209
53 0.715834 0.021894 0 0.2092
54 0.157235 0.452455 0 0.0970
55 0.122444 0.092678 0 0.0074
56 0.779004 0.150784 0 0.2509
57 0.428409 0.997938 0 0.0169
58 0.797286 0.556509 0 0.4260
59 0.682303 0.985728 0 0.5950
60 0.576341 0.428904 0 0.4310
61 0.986874 0.977016 0 0.4215
62 0.973147 0.349259 0 0.2506
63 0.327161 0.979748 0 0.0008
64 0.401211 0.071479 0 0.0680
65 0.728385 0.481930 0 0.1507
66 0.074064 0.005175 0 0.0000
67 0.264761 0.377474 0 0.3417
68 0.769933 0.445103 0 0.6854
69 0.532073 0.551831 0 0.0632
70 0.621749 0.511846 0 0.4888
71 0.179583 0.210165 0 0.1751
72 0.861677 0.017335 0 0.7380
73 0.436900 0.658073 0 0.1084
74 0.946522 0.149217 0 0.2510
75 0.896781 0.349276 1 0.0000
76 0.527921 0.375276 0 0.3641
77 0.453070 0.997606 0 0.3010
78 0.379065 0.339525 0 0.1116
79 0.559750 0.796079 0 0.1360
80 0.665091 0.901344 0 0.0366
81 0.135395 0.628786 0 0.0081
82 0.676616 0.896678 0 0.0165
83 0.948689 0.219338 0 0.4262
84 0.603674 0.343967 0 0.0149
85 0.842469 0.145384 0 0.8099
86 0.610870 0.421707 0 0.0014
87 0.608880 0.149560 0 0.0535
88 0.483810 0.877468 0 0.1126
89 0.145935 0.172098 0 0.1439
90 0.243035 0.846201 1 0.0000
91 0.831483 0.376623 0 0.2805
92 0.630400 0.101133 0 0.0649
93 0.673713 0.600924 0 0.3347
94 0.598652 0.680352 0 0.5158
95 0.858656 0.069762 1 0.0000
96 0.977795 0.284121 0 0.3729
97 0.526230 0.644333 0 0.1577
98 0.713642 0.519246 0 0.0074
99 0.654081 0.805102 0 0.0250
100 0.879011 0.293185 0 0.0769
101 0.575100 0.456631 0 0.3240
102 0.548298 0.885651 0 0.0381
103 0.496905 0.743746 0 0.1242
104 0.312094 0.982968 0 0.0692
105 0.355649 0.111627 0 0.1728
106 0.678610 0.300394 0 0.0572
107 0.878943 0.737010 0 0.0068
108 0.858500 0.363625 0 0.1839
109 0.950845 0.439989 0 0.0028
110 0.997318 0.367126 1 0.0000
111 0.350530 0.490386 0 0.0206
112 0.005476 0.150054 0 0.3427
113 0.758256 0.964507 0 0.2865
114 0.313535 0.254614 0 0.0016
115 0.540539 0.897925 0 0.0004
116 0.152896 0.386198 0 0.2927
117 0.264053 0.592299 0 0.0489
118 0.679561 0.532667 1 0.0000
119 0.133978 0.358803 0 0.0176
120 0.246223 0.021458 0 0.1311
121 0.407638 0.815877 0 0.0098
122 0.391877 0.265753 0 0.1388
123 0.433674 0.161614 0 0.3594
124 0.948140 0.262036 0 0.0361
125 0.713669 0.936028 0 0.5698
126 0.527346 0.653667 0 0.2810
127 0.475680 0.905175 0 0.2129
128 0.176772 0.975537 0 0.0000
129 0.521881 0.716788 0 0.0259
130 0.916362 0.805435 0 0.0382
131 0.097134 0.500209 0 0.1469
132 0.660268 0.093842 0 0.0128
133 0.129598 0.955958 0 0.0016
134 0.522204 0.547960 1 0.0000
135 0.357227 0.034741 0 0.3946
136 0.752802 0.256322 0 0.0124
137 0.601498 0.941016 0 0.0668
138 0.118981 0.132170 0 0.4306
139 0.044813 0.889753 0 0.0007
140 0.343862 0.485687 0 0.0002
141 0.118090 0.332768 0 0.0574
142 0.573316 0.811515 0 0.0245
143 0.269729 0.602674 0 0.1869
144 0.572932 0.685343 0 0.0090
145 0.186914 0.183112 1 0.0000
146 0.354097 0.703445 0 0.1098
147 0.235246 0.371220 0 0.2403
148 0.463608 0.330010 0 0.1734
149 0.742195 0.437618 0 0.2007
150 0.479906 0.732347 0 0.0086
;