/* CONJUNTOS */
param N_total:= 1390 ;

/* PARAMETROS */
param P:= 1175.0 ;
param R:= 200.0 ;
param c1:= 1.0 ;
param c2:= 0.2 ;
param nombre_instancia := "milpa alta_alto_impacto.dat" ;

param : coordx coordy flag prob_ohca:=
1 492372.991791 2121489.956805 1 0.0000
2 492552.062536 2121307.310484 1 0.0000
3 492354.061512 2121222.302079 1 0.0000
4 492733.067206 2121220.377511 1 0.0000
5 492505.929083 2121098.975170 1 0.0000
6 492406.131034 2121290.883495 1 0.0000
7 492517.026580 2121242.041197 1 0.0000
8 500705.516412 2124840.310498 1 0.0000
9 500612.922571 2124528.494384 1 0.0000
10 500636.034624 2124906.366241 1 0.0000
11 500237.038194 2124140.324249 1 0.0000
12 500360.016102 2124580.050733 1 0.0000
13 500350.035877 2124286.052547 1 0.0000
14 500333.950028 2124457.007034 1 0.0000
15 500123.481427 2124174.387940 1 0.0000
16 500726.036093 2124268.027595 1 0.0000
17 500046.944419 2124005.833955 1 0.0000
18 498677.141830 2121723.880940 1 0.0000
19 497450.554819 2121519.750520 1 0.0000
20 497816.019242 2121741.335390 1 0.0000
21 497968.091380 2122223.309707 1 0.0000
22 498168.049487 2121223.343990 1 0.0000
23 498102.079102 2121739.311831 1 0.0000
24 497705.291633 2121540.076465 1 0.0000
25 497798.950470 2121427.976487 1 0.0000
26 498394.952163 2121505.037680 1 0.0000
27 497278.012394 2121377.036780 1 0.0000
28 498174.949151 2121886.026428 1 0.0000
29 500260.112117 2120381.318757 1 0.0000
30 500296.807483 2120251.305674 1 0.0000
31 500350.949554 2120487.986792 1 0.0000
32 500821.971803 2120365.954995 1 0.0000
33 500576.981015 2120949.956054 1 0.0000
34 497459.730990 2121734.078409 1 0.0000
35 496639.070357 2121097.308891 1 0.0000
36 497040.963584 2121532.979426 1 0.0000
37 497331.045816 2121697.028925 1 0.0000
38 497495.401986 2121966.328023 1 0.0000
39 497673.972850 2121622.404051 1 0.0000
40 497725.435448 2122053.047702 1 0.0000
41 497728.051428 2121954.347490 1 0.0000
42 497573.000014 2122062.029917 1 0.0000
43 497564.982197 2121851.021252 1 0.0000
44 494760.242517 2123025.053731 1 0.0000
45 494730.094683 2123103.292107 1 0.0000
46 494440.039263 2123031.344556 1 0.0000
47 494008.484143 2122956.017183 1 0.0000
48 494603.981455 2122862.000656 1 0.0000
49 494170.951523 2122457.042920 1 0.0000
50 494885.466350 2123104.354558 1 0.0000
51 494977.090772 2123332.379386 1 0.0000
52 494800.999275 2122545.373428 1 0.0000
53 494731.995421 2122036.291740 1 0.0000
54 494800.019191 2123166.342764 1 0.0000
55 494935.011709 2122841.989082 1 0.0000
56 495093.982997 2123322.057220 1 0.0000
57 495006.982275 2122697.017544 1 0.0000
58 499376.079412 2122588.353102 1 0.0000
59 499157.123024 2123029.302829 1 0.0000
60 490770.081630 2121400.663411 1 0.0000
61 492547.677740 2123708.754201 1 0.0000
62 492863.088761 2123575.516162 1 0.0000
63 492930.862876 2123774.439195 1 0.0000
64 492698.021680 2123767.338311 1 0.0000
65 492784.955066 2123233.858590 1 0.0000
66 492621.040235 2123160.341455 1 0.0000
67 492427.977788 2123529.328444 1 0.0000
68 492886.979250 2123648.204140 1 0.0000
69 492900.981010 2123701.974775 1 0.0000
70 492820.974246 2123674.011434 1 0.0000
71 492966.007785 2123866.044159 1 0.0000
72 499778.602404 2122337.721247 1 0.0000
73 499248.230400 2122192.341077 1 0.0000
74 499708.077965 2123330.365003 1 0.0000
75 499323.426060 2122983.265448 1 0.0000
76 499570.976364 2122333.962829 1 0.0000
77 499506.974240 2123087.049477 1 0.0000
78 499463.963489 2122556.040475 1 0.0000
79 499959.946867 2122464.967606 1 0.0000
80 499459.979409 2122918.973150 1 0.0000
81 498715.862152 2122184.293197 1 0.0000
82 499884.358537 2122069.504404 1 0.0000
83 499185.034832 2121884.293916 1 0.0000
84 499307.003010 2122353.998585 1 0.0000
85 500238.960203 2121847.984127 1 0.0000
86 500062.971585 2122199.960620 1 0.0000
87 499886.039460 2121887.042400 1 0.0000
88 499158.028761 2122150.961860 1 0.0000
89 499664.009069 2122074.043774 1 0.0000
90 499222.992820 2122030.018430 1 0.0000
91 498920.005577 2121929.010252 1 0.0000
92 499539.006762 2121898.002202 1 0.0000
93 498982.854132 2122195.770763 1 0.0000
94 499953.108578 2120480.348649 1 0.0000
95 499788.044162 2120636.034269 1 0.0000
96 500138.045840 2120478.025461 1 0.0000
97 493047.049385 2121361.113288 1 0.0000
98 493151.059139 2121169.317539 1 0.0000
99 500400.550468 2121589.508409 1 0.0000
100 500335.362944 2121921.899889 1 0.0000
101 500687.995380 2121169.046860 1 0.0000
102 500617.962942 2121564.950140 1 0.0000
103 500683.041500 2121506.971830 1 0.0000
104 496721.819043 2120554.445115 1 0.0000
105 496803.045525 2120298.276178 1 0.0000
106 496452.048680 2120616.348652 1 0.0000
107 496421.799630 2120233.284446 1 0.0000
108 496663.107829 2120309.366098 1 0.0000
109 496924.030454 2120747.383605 1 0.0000
110 496324.023569 2120250.011921 1 0.0000
111 497114.987319 2120935.014924 1 0.0000
112 496389.023340 2120371.050026 1 0.0000
113 496881.973190 2120731.014514 1 0.0000
114 501025.101499 2120323.807609 1 0.0000
115 500880.032570 2119857.742768 1 0.0000
116 500347.598460 2119785.581248 1 0.0000
117 500428.023939 2120125.056740 1 0.0000
118 500671.014533 2119780.057734 1 0.0000
119 500240.982773 2119938.055040 1 0.0000
120 500585.950496 2119917.039341 1 0.0000
121 500815.044000 2120111.017320 1 0.0000
122 500119.022315 2119491.028487 1 0.0000
123 497019.051625 2121905.320471 1 0.0000
124 497283.028985 2121885.362414 1 0.0000
125 497402.048336 2121973.975877 1 0.0000
126 492236.098157 2121462.241100 1 0.0000
127 491223.991447 2121903.306752 1 0.0000
128 492302.073605 2121599.308782 1 0.0000
129 492121.217828 2121285.471237 1 0.0000
130 492101.004968 2121710.044486 1 0.0000
131 491861.994400 2121837.950004 1 0.0000
132 491720.960807 2121717.957743 1 0.0000
133 499892.124179 2119711.332226 1 0.0000
134 500244.973264 2120301.982564 1 0.0000
135 499960.993596 2120333.958792 1 0.0000
136 499810.957640 2120020.045984 1 0.0000
137 500142.990901 2120017.943220 1 0.0000
138 500113.969996 2120366.047579 1 0.0000
139 499215.027447 2120144.985523 1 0.0000
140 499773.587539 2119844.458351 1 0.0000
141 489965.412697 2122349.320016 1 0.0000
142 490612.659479 2122103.001433 1 0.0000
143 490562.010975 2121740.316040 1 0.0000
144 489810.625069 2122276.597565 1 0.0000
145 490500.969044 2122018.300916 1 0.0000
146 490167.002094 2122462.295297 1 0.0000
147 490525.198954 2122115.439277 1 0.0000
148 490512.008463 2122222.998141 1 0.0000
149 490349.024990 2122156.029215 1 0.0000
150 490138.968689 2121942.032842 1 0.0000
151 489945.045067 2122207.034930 1 0.0000
152 490382.974883 2121742.954073 1 0.0000
153 489884.012574 2122863.003530 1 0.0000
154 498572.092798 2122770.307003 1 0.0000
155 498233.158821 2122642.646263 1 0.0000
156 498465.766297 2122226.470126 1 0.0000
157 498838.702233 2122983.068468 1 0.0000
158 497073.966447 2122138.230091 1 0.0000
159 497184.181126 2122400.453631 1 0.0000
160 497540.796143 2122588.175598 1 0.0000
161 496385.078419 2122758.325891 1 0.0000
162 497507.097446 2122158.304361 1 0.0000
163 496860.113660 2122623.355730 1 0.0000
164 497785.054338 2122143.330886 1 0.0000
165 497874.039624 2122546.972033 1 0.0000
166 497065.002763 2122620.998102 1 0.0000
167 497678.994394 2122256.981687 1 0.0000
168 497776.039492 2122358.989070 1 0.0000
169 497523.001634 2122379.049210 1 0.0000
170 497339.961146 2122278.051298 1 0.0000
171 496787.980272 2123123.949743 1 0.0000
172 500344.204579 2125654.627646 1 0.0000
173 500477.732327 2125026.970373 1 0.0000
174 500518.623317 2124936.348797 1 0.0000
175 500505.472507 2125363.127149 1 0.0000
176 500728.095980 2125334.365537 1 0.0000
177 500638.125778 2125224.375633 1 0.0000
178 500402.058233 2124741.379861 1 0.0000
179 500406.674405 2125137.840382 1 0.0000
180 500465.001720 2125502.988262 1 0.0000
181 500556.037537 2125124.013008 1 0.0000
182 500653.046949 2125350.960272 1 0.0000
183 500160.380374 2124786.207259 1 0.0000
184 494678.919752 2123533.293878 1 0.0000
185 494569.013933 2123347.323009 1 0.0000
186 494803.003971 2123682.414849 1 0.0000
187 494795.019551 2123329.000076 1 0.0000
188 494883.031897 2123421.036302 1 0.0000
189 494607.015935 2123171.045895 1 0.0000
190 500943.071413 2124834.346078 1 0.0000
191 501193.135452 2124821.303928 1 0.0000
192 500910.057012 2125015.368476 1 0.0000
193 500840.988947 2125226.043591 1 0.0000
194 500720.019495 2124903.049841 1 0.0000
195 500922.034469 2125120.044378 1 0.0000
196 500827.969819 2124904.050262 1 0.0000
197 500899.670818 2124611.383362 1 0.0000
198 501461.072944 2124759.359140 1 0.0000
199 500748.939092 2124568.222927 1 0.0000
200 500817.896880 2124504.823219 1 0.0000
201 501949.962948 2124677.966020 1 0.0000
202 500825.980452 2124731.988804 1 0.0000
203 502151.995463 2124643.023142 1 0.0000
204 501010.038288 2124651.997810 1 0.0000
205 496304.662513 2121738.037022 1 0.0000
206 496122.075873 2123291.725935 1 0.0000
207 495763.087785 2123351.323147 1 0.0000
208 495030.144859 2123988.189286 1 0.0000
209 498952.044258 2121477.998752 1 0.0000
210 494526.006026 2124006.037157 1 0.0000
211 490201.006038 2121175.968309 1 0.0000
212 500127.947970 2121144.027496 1 0.0000
213 496320.003326 2121696.982755 1 0.0000
214 494795.346095 2124673.378485 1 0.0000
215 500697.533541 2125876.285045 1 0.0000
216 498400.918374 2121203.515846 0 0.2496
217 500562.345636 2125077.318721 0 0.3372
218 492546.161073 2121531.379358 0 0.0381
219 499512.236205 2123305.804821 0 0.0228
220 497529.528257 2122443.999963 0 0.0381
221 498170.725652 2121702.569029 0 0.3372
222 499920.095352 2120484.221511 0 0.3372
223 500446.719170 2125241.078174 0 0.3372
224 500446.719170 2125241.078174 0 0.3372
225 501796.379439 2124805.198250 0 0.2496
226 497880.663693 2122556.819130 0 0.1407
227 500151.396106 2120747.568816 0 0.3372
228 499205.270357 2123051.320067 0 0.0148
229 500066.222038 2124552.827320 0 0.2496
230 497135.280663 2122294.679679 0 0.1407
231 497135.280663 2122294.679679 0 0.1407
232 497135.280663 2122294.679679 0 0.1407
233 490876.920189 2122037.805617 0 0.1407
234 498367.301355 2121492.315368 0 0.2496
235 497833.271370 2121832.066403 0 0.3372
236 500024.175076 2125478.971215 0 0.2496
237 490085.499553 2122407.788633 0 0.0104
238 495035.030660 2123011.035245 0 0.3372
239 497356.060971 2122384.273098 0 0.1407
240 497524.262663 2122375.397585 0 0.2496
241 494886.950878 2123526.706235 0 0.2496
242 494403.223109 2122955.892302 0 0.3372
243 501687.160346 2123738.518564 0 0.2496
244 497192.052638 2122315.694415 0 0.1407
245 496584.162104 2120945.949839 0 0.1407
246 499804.491453 2124940.104605 0 0.2496
247 499389.203455 2122088.656687 0 0.2496
248 500642.231881 2125030.848173 0 0.2496
249 497545.246376 2122064.467917 0 0.3372
250 497705.092774 2122470.533164 0 0.3372
251 496893.238747 2120825.286377 0 0.2496
252 495208.649892 2123645.015042 0 0.0228
253 492862.303100 2123447.715334 0 0.2496
254 500458.408205 2120169.981329 0 0.2496
255 494360.056010 2122740.137595 0 0.3372
256 500312.236413 2121807.597953 0 0.3372
257 497345.542679 2122345.547070 0 0.1407
258 494600.808749 2122797.603160 0 0.0381
259 499291.426212 2121888.383546 0 0.3372
260 496731.627671 2122496.130513 0 0.2496
261 494981.717153 2124103.168212 0 0.0188
262 499416.473505 2120098.062456 0 0.0381
263 496566.621064 2122717.461042 0 0.1407
264 496566.621064 2122717.461042 0 0.1407
265 500083.058288 2120592.658457 0 0.2496
266 499551.126091 2123098.887914 0 0.2496
267 500709.539557 2124095.855038 0 0.3372
268 492950.846426 2121344.220568 0 0.2496
269 494748.874067 2122238.776663 0 0.2496
270 497566.272839 2122069.997617 0 0.2496
271 500816.924624 2120378.015610 0 0.3372
272 493298.512930 2123334.687172 0 0.2496
273 494698.819867 2123645.155564 0 0.2496
274 497165.735749 2122088.865714 0 0.3372
275 500172.389259 2124369.148419 0 0.3372
276 494825.834801 2123008.880147 0 0.3372
277 497522.156684 2122349.948338 0 0.2496
278 496566.621064 2122717.461042 0 0.1407
279 501851.127903 2123917.787885 0 0.0188
280 500716.868315 2124847.171264 0 0.3372
281 499516.418103 2122436.094259 0 0.0381
282 500836.693454 2124919.099114 0 0.3372
283 498829.940503 2122411.782212 0 0.3372
284 498829.940503 2122411.782212 0 0.3372
285 500042.045210 2124782.980039 0 0.0381
286 494298.034102 2122745.689308 0 0.3372
287 500675.837667 2125840.810784 0 0.2496
288 497095.217219 2121568.821365 0 0.0381
289 499070.652167 2121852.985388 0 0.2496
290 492391.564559 2121404.195245 0 0.2496
291 492861.300642 2123572.750600 0 0.3372
292 498223.344222 2122251.388307 0 0.3372
293 500440.411880 2125268.740632 0 0.3372
294 499625.738610 2121895.012673 0 0.1407
295 500395.290986 2121724.612009 0 0.2496
296 500142.953670 2124788.513069 0 0.3372
297 500142.953670 2124788.513069 0 0.3372
298 500903.987756 2124464.329237 0 0.0148
299 500840.892960 2125027.536713 0 0.3372
300 497910.038082 2122023.482139 0 0.2496
301 502139.063409 2124669.135117 0 0.3372
302 497782.838305 2122074.396136 0 0.2496
303 498333.665378 2121560.921421 0 0.2496
304 501718.602543 2124734.374526 0 0.2496
305 500384.715066 2124716.593802 0 0.3372
306 497079.615924 2122625.532423 0 0.3372
307 497192.052638 2122315.694415 0 0.3372
308 497345.542679 2122345.547070 0 0.1407
309 496731.627671 2122496.130513 0 0.2496
310 500241.770291 2124000.683614 0 0.2496
311 497880.663693 2122556.819130 0 0.1407
312 499560.529288 2120686.715985 0 0.3372
313 490876.920189 2122037.805617 0 0.1407
314 491860.702436 2121532.777446 0 0.2496
315 501073.189967 2125022.016343 0 0.2496
316 499073.861610 2122951.741061 0 0.0188
317 491661.294978 2122286.394851 0 0.0188
318 499073.861610 2122951.741061 0 0.0188
319 497758.572526 2121369.558163 0 0.2496
320 500432.012938 2124850.481833 0 0.3372
321 499248.373726 2123123.240883 0 0.0228
322 500415.198155 2124707.742437 0 0.3372
323 500276.433862 2125669.292112 0 0.2496
324 498547.178096 2122768.095958 0 0.3372
325 494892.089296 2123105.127262 0 0.2496
326 500351.166131 2120158.913973 0 0.3372
327 498145.509286 2121850.842658 0 0.3372
328 490153.890842 2122517.295534 0 0.3372
329 500271.180877 2125506.635827 0 0.3372
330 497363.449149 2122587.868315 0 0.3372
331 492250.719762 2121481.709334 0 0.2496
332 495253.766990 2123319.691452 0 0.3372
333 495253.766990 2123319.691452 0 0.3372
334 492450.351536 2123743.316991 0 0.2496
335 494823.131698 2124602.245621 0 0.2496
336 494813.959581 2121907.914211 0 0.2496
337 494722.812425 2123003.377031 0 0.2496
338 490137.041466 2122463.085955 0 0.2496
339 500513.992837 2125133.749017 0 0.0642
340 500338.519471 2121778.829403 0 0.1407
341 500338.519471 2121778.829403 0 0.1407
342 496584.162104 2120945.949839 0 0.1407
343 497818.627474 2122456.134774 0 0.2496
344 500234.440715 2121762.230266 0 0.3372
345 501369.623548 2124771.966211 0 0.2496
346 499453.343491 2122479.249587 0 0.3372
347 497248.787099 2122087.746555 0 0.2496
348 500816.924624 2120378.015610 0 0.3372
349 500492.964403 2125365.007866 0 0.0381
350 494175.095837 2122927.194372 0 0.2496
351 500641.184643 2124920.197722 0 0.3372
352 500516.103079 2124849.377508 0 0.2496
353 496381.111456 2120236.722577 0 0.2496
354 494665.159350 2123568.816629 0 0.2496
355 497914.215907 2121783.370978 0 0.2496
356 497309.551316 2120654.819617 0 0.0188
357 494981.717153 2124103.168212 0 0.0188
358 496851.496797 2122643.274240 0 0.2496
359 498223.344222 2122251.388307 0 0.3372
360 492733.043212 2123545.138472 0 0.1407
361 500746.278734 2125365.016446 0 0.3372
362 499913.788063 2120691.136919 0 0.2496
363 498210.782087 2122795.788274 0 0.2496
364 500711.733780 2121731.260570 0 0.3372
365 497782.838305 2122074.396136 0 0.2496
366 497537.956666 2122580.098518 0 0.0381
367 492620.585466 2120986.950789 0 0.2496
368 497960.555369 2122521.402011 0 0.0148
369 494512.574151 2123031.101378 0 0.3372
370 494512.574151 2123031.101378 0 0.3372
371 497079.615924 2122625.532423 0 0.3372
372 497345.542679 2122345.547070 0 0.1407
373 500380.504432 2125009.817278 0 0.0642
374 495801.414757 2123166.860346 0 0.2496
375 500202.922105 2119909.949514 0 0.0148
376 495519.755408 2123446.872252 0 0.2496
377 497845.842488 2121453.641724 0 0.2496
378 500736.826841 2125166.951764 0 0.2496
379 501200.387916 2124826.173020 0 0.2496
380 500581.433587 2119786.029768 0 0.2496
381 497017.503300 2122081.143735 0 0.2496
382 496565.229293 2120900.586881 0 0.2496
383 501201.439117 2124825.066585 0 0.2496
384 497514.788337 2122280.239752 0 0.0381
385 497356.060971 2122384.273098 0 0.1407
386 497356.060971 2122384.273098 0 0.1407
387 499533.224728 2121901.653801 0 0.2496
388 492610.061720 2120961.505513 0 0.2496
389 500338.519471 2121778.829403 0 0.1407
390 500690.575407 2125237.766241 0 0.3372
391 489795.594936 2122848.336082 0 0.0228
392 500837.751112 2124776.360145 0 0.2496
393 492761.474072 2121006.811631 0 0.3372
394 492761.474072 2121006.811631 0 0.3372
395 497872.182694 2121946.031430 0 0.2496
396 497495.823515 2121973.741522 0 0.0188
397 497517.968694 2122476.090068 0 0.2496
398 500096.701942 2125169.150190 0 0.2496
399 501068.985242 2125026.442114 0 0.2496
400 492658.551897 2121281.264752 0 0.3372
401 496584.162104 2120945.949839 0 0.1407
402 494413.430098 2121954.504996 0 0.2496
403 500444.703192 2121690.311623 0 0.2496
404 497817.487774 2121713.672699 0 0.0104
405 492789.704857 2123282.874805 0 0.1407
406 500187.103458 2124560.573683 0 0.0642
407 495805.615848 2123150.261847 0 0.0381
408 497192.052638 2122315.694415 0 0.0148
409 490876.920189 2122037.805617 0 0.1407
410 494797.522880 2123260.064245 0 0.3372
411 499568.982134 2122469.287989 0 0.3372
412 492789.704857 2123282.874805 0 0.1407
413 492789.704857 2123282.874805 0 0.1407
414 490651.051720 2122348.846654 0 0.2496
415 500514.083205 2121914.933077 0 0.0381
416 500840.892960 2125027.536713 0 0.0104
417 497495.823515 2121973.741522 0 0.0188
418 501083.724725 2124623.675529 0 0.3372
419 497192.052638 2122315.694415 0 0.1407
420 497192.052638 2122315.694415 0 0.1407
421 497492.724758 2122376.508375 0 0.2496
422 500909.963200 2124836.425000 0 0.2496
423 500544.894500 2124847.440000 0 0.2496
424 497681.376500 2121312.220000 0 0.2496
425 497509.495600 2122074.051000 0 0.2496
426 491865.281800 2121668.440000 0 0.2496
427 496882.423800 2120797.742000 0 0.0381
428 497099.571300 2121897.146000 0 0.3372
429 500500.038200 2124849.080000 0 0.3372
430 498117.856500 2122598.614000 0 0.2496
431 500640.374900 2124848.090000 0 0.0228
432 494632.274900 2123437.031000 0 0.2496
433 500127.155100 2119487.835000 0 0.2496
434 501788.349000 2124989.523000 0 0.0188
435 490053.493400 2121929.715000 0 0.3372
436 496813.471400 2120923.101000 0 0.3372
437 501185.476700 2124825.679000 0 0.2496
438 498524.144500 2122758.626000 0 0.0188
439 497590.871600 2122152.153000 0 0.3372
440 497598.560100 2121967.972000 0 0.3372
441 501028.568700 2125233.068000 0 0.0148
442 501444.258300 2124622.306000 0 0.3372
443 500208.638300 2125018.814000 0 0.3372
444 495080.865900 2122977.551000 0 0.3372
445 500128.533900 2119955.927000 0 0.2496
446 499978.109300 2120462.672000 0 0.3372
447 500358.452700 2124277.827000 0 0.3372
448 490021.140100 2122184.387000 0 0.0381
449 496469.288900 2120369.431000 0 0.2496
450 500329.003700 2125727.014000 0 0.0642
451 492980.574400 2123886.288000 0 0.2496
452 501774.252000 2125034.088000 0 0.3372
453 498228.289300 2122303.999000 0 0.2496
454 491320.076600 2120901.669000 0 0.2496
455 492647.757300 2120631.284000 0 0.3372
456 496958.368700 2122877.879000 0 0.2496
457 492391.638200 2121404.284000 0 0.2496
458 497633.410500 2121675.084000 0 0.2496
459 492410.160400 2121297.620000 0 0.3372
460 492193.080900 2123706.492000 0 0.2496
461 500989.327400 2124424.552000 0 0.0642
462 500509.097900 2125161.642000 0 0.3372
463 500106.042000 2121562.095000 0 0.2496
464 499381.781300 2122610.904000 0 0.0188
465 494989.927400 2123619.002000 0 0.2496
466 497805.878600 2121530.099000 0 0.3372
467 497777.132400 2122017.274000 0 0.3372
468 490822.637000 2121748.647000 0 0.2496
469 490822.637000 2121748.647000 0 0.2496
470 500021.922400 2124821.327000 0 0.3372
471 495900.586800 2123360.449000 0 0.0188
472 495900.586800 2123360.449000 0 0.0188
473 495900.586800 2123360.449000 0 0.0188
474 499964.687000 2125493.316000 0 0.1407
475 495920.957600 2123345.265000 0 0.2496
476 496487.125700 2122736.872000 0 0.0381
477 494993.060600 2124051.449000 0 0.2496
478 496349.532700 2121626.324000 0 0.2496
479 493528.735500 2121715.932000 0 0.2496
480 497486.253800 2121883.172000 0 0.2496
481 500621.240300 2121571.518000 0 0.2496
482 500621.240300 2121571.518000 0 0.2496
483 490142.386300 2121981.304000 0 0.0381
484 494325.769000 2122850.312000 0 0.1407
485 501772.555300 2124733.893000 0 0.3372
486 500251.859500 2125676.123000 0 0.3372
487 499945.738300 2125392.678000 0 0.1407
488 500251.305400 2120547.077000 0 0.2496
489 499743.691700 2125237.456000 0 0.3372
490 500161.502600 2124775.786000 0 0.3372
491 500161.502600 2124775.786000 0 0.3372
492 497354.228200 2122410.258000 0 0.3372
493 491437.448400 2121960.941000 0 0.3372
494 494805.250400 2122574.491000 0 0.2496
495 490736.201800 2122733.976000 0 0.0642
496 499033.264600 2122307.546000 0 0.2496
497 498208.631200 2122257.818000 0 0.2496
498 493189.122800 2123535.952000 0 0.3372
499 494656.727700 2122141.326000 0 0.0642
500 494656.727700 2122141.326000 0 0.0642
501 501051.051900 2125029.894000 0 0.3372
502 495284.897800 2123560.170000 0 0.2496
503 492093.743700 2121723.908000 0 0.0381
504 490457.469600 2122583.004000 0 0.2496
505 497830.591800 2121842.512000 0 0.3372
506 500147.498700 2120483.136000 0 0.3372
507 497250.901300 2122165.582000 0 0.2496
508 498051.180700 2122584.528000 0 0.1407
509 491560.702800 2121793.516000 0 0.0381
510 497724.252700 2121350.379000 0 0.0642
511 498958.296200 2120945.037000 0 0.0642
512 497025.146700 2122175.147000 0 0.2496
513 497085.569100 2122100.926000 0 0.3372
514 501856.814700 2124126.375000 0 0.2496
515 500556.579500 2124930.618000 0 0.2496
516 496697.874000 2122677.281000 0 0.2496
517 492248.263200 2121470.622000 0 0.2496
518 497782.325800 2121060.807000 0 0.3372
519 498395.775900 2122916.684000 0 0.0148
520 497502.373400 2122068.770000 0 0.0072
521 497502.373400 2122068.770000 0 0.0072
522 500674.522300 2124457.802000 0 0.3372
523 494189.749000 2122972.769000 0 0.3372
524 494405.988500 2122768.845000 0 0.2496
525 491602.585700 2121777.228000 0 0.2496
526 499915.560900 2122759.040000 0 0.2496
527 501236.966800 2124664.384000 0 0.2496
528 500584.973500 2124431.853000 0 0.3372
529 492446.786900 2119847.271000 0 0.2496
530 497634.154100 2121717.619000 0 0.3372
531 499481.712000 2120012.783000 0 0.3372
532 499481.712000 2120012.783000 0 0.3372
533 496856.068300 2121593.469000 0 0.0642
534 490212.766000 2122046.892000 0 0.2496
535 497729.551800 2121752.479000 0 0.2496
536 499467.150400 2122556.704000 0 0.3372
537 496733.905100 2122297.613000 0 0.0642
538 501747.058000 2124823.449000 0 0.2496
539 489217.162900 2122777.955000 0 0.2496
540 500004.166300 2125744.818000 0 0.2496
541 489493.424200 2123082.224000 0 0.0642
542 490617.701000 2122115.798000 0 0.0381
543 497017.344300 2121724.917000 0 0.2496
544 497502.964900 2122073.569000 0 0.2496
545 497882.861300 2121511.104000 0 0.3372
546 494962.447000 2124170.324000 0 0.2496
547 495843.553400 2122948.793000 0 0.2496
548 490460.383100 2121941.787000 0 0.3372
549 497758.362300 2121370.067000 0 0.1407
550 497758.362300 2121370.067000 0 0.1407
551 490083.100400 2122957.236000 0 0.2496
552 497831.366500 2122055.007000 0 0.2496
553 499733.249400 2121860.754000 0 0.3372
554 497552.544300 2122583.852000 0 0.3372
555 497573.834700 2121855.247000 0 0.2496
556 494031.203700 2122839.349000 0 0.2496
557 500185.333700 2120779.447000 0 0.0148
558 496462.024500 2120226.195000 0 0.3372
559 492688.978600 2123549.626000 0 0.0381
560 496351.414900 2121372.838000 0 0.2496
561 497715.425500 2121544.456000 0 0.2496
562 497655.156800 2121856.368000 0 0.2496
563 494508.897900 2123111.324000 0 0.3372
564 497266.169100 2122319.280000 0 0.2496
565 500297.520400 2124567.949000 0 0.3372
566 500297.520400 2124567.949000 0 0.3372
567 492523.210100 2121238.093000 0 0.2496
568 492151.908900 2121514.288000 0 0.2496
569 500836.714200 2119622.829000 0 0.2496
570 497743.996600 2122185.444000 0 0.2496
571 494451.305900 2123094.940000 0 0.2496
572 489768.817400 2122175.066000 0 0.2496
573 499685.060000 2124761.970000 0 0.3372
574 494435.720400 2123036.478000 0 0.2496
575 497866.348700 2122132.123000 0 0.2496
576 497619.582300 2122573.989000 0 0.2496
577 493670.144200 2121331.287000 0 0.0188
578 494233.561700 2123048.061000 0 0.2496
579 499749.537700 2125264.394000 0 0.2496
580 499789.096100 2125453.534000 0 0.3372
581 495012.350800 2123938.691000 0 0.3372
582 497619.116600 2121611.234000 0 0.2496
583 493628.335700 2121019.358000 0 0.0188
584 493628.335700 2121019.358000 0 0.0188
585 500183.589700 2120686.030000 0 0.3372
586 490453.661100 2121740.323000 0 0.3372
587 494071.793200 2122987.539000 0 0.2496
588 498345.643400 2121555.296000 0 0.2496
589 497587.548300 2122289.657000 0 0.2496
590 494145.022900 2122748.896000 0 0.2496
591 497187.964300 2122480.150000 0 0.3372
592 500271.568600 2124173.027000 0 0.3372
593 500944.785400 2124211.376000 0 0.2496
594 497540.717800 2121142.769000 0 0.2496
595 500429.916700 2124637.136000 0 0.3372
596 500059.402600 2125087.915000 0 0.1407
597 500059.402600 2125087.915000 0 0.1407
598 500909.952700 2124830.247000 0 0.0642
599 496335.208700 2121630.417000 0 0.2496
600 494701.326000 2123340.280000 0 0.2496
601 497141.929400 2122614.693000 0 0.2496
602 500069.993300 2120207.952000 0 0.3372
603 500069.993300 2120207.952000 0 0.3372
604 501096.947000 2125009.273000 0 0.0642
605 499612.385700 2119889.318000 0 0.2496
606 501982.408000 2124176.814000 0 0.0381
607 497623.026600 2121965.542000 0 0.2496
608 494792.510100 2123172.911000 0 0.2496
609 500708.663700 2124564.605000 0 0.3372
610 500995.094400 2124649.456000 0 0.2496
611 499170.098500 2120896.494000 0 0.2496
612 490171.792400 2122154.081000 0 0.3372
613 500523.585700 2125634.374000 0 0.2496
614 496997.030000 2122353.677000 0 0.2496
615 500619.494400 2125395.612000 0 0.2496
616 500392.756300 2125887.549000 0 0.2496
617 492768.567300 2123778.655000 0 0.2496
618 494769.841400 2122682.850000 0 0.3372
619 500625.248700 2124731.077000 0 0.2496
620 495979.113100 2120572.614000 0 0.3372
621 500630.808600 2124839.763000 0 0.3372
622 490787.415300 2122066.712000 0 0.0642
623 492874.679600 2123622.132000 0 0.3372
624 500789.753800 2124838.929000 0 0.1407
625 497140.821500 2121052.102000 0 0.1407
626 497140.821500 2121052.102000 0 0.1407
627 497441.939700 2122584.378000 0 0.2496
628 499719.948800 2122607.597000 0 0.3372
629 491130.454600 2122620.345000 0 0.3372
630 498131.783200 2121723.667000 0 0.3372
631 497415.317100 2122081.550000 0 0.3372
632 494611.567100 2123172.403000 0 0.3372
633 500351.353400 2125689.287000 0 0.0642
634 497515.882000 2122375.803000 0 0.2496
635 500829.319500 2124834.727000 0 0.3372
636 497654.890500 2121613.943000 0 0.2496
637 501221.724300 2124849.304000 0 0.3372
638 492491.614700 2121480.549000 0 0.3372
639 496841.274100 2120354.056000 0 0.2496
640 499763.458400 2120591.637000 0 0.3372
641 500408.296300 2124240.801000 0 0.2496
642 500737.501500 2124284.836000 0 0.2496
643 494995.382800 2123335.824000 0 0.3372
644 500044.087300 2124010.736000 0 0.2496
645 496442.102900 2120048.463000 0 0.3372
646 497604.744100 2122371.148000 0 0.3372
647 499969.882200 2120459.888000 0 0.0188
648 497140.731600 2120961.020000 0 0.2496
649 500344.855900 2120147.215000 0 0.2496
650 500265.358300 2124750.915000 0 0.3372
651 500624.470100 2125401.353000 0 0.2496
652 493646.566200 2121296.033000 0 0.0381
653 493646.566200 2121296.033000 0 0.0381
654 500675.368800 2120112.183000 0 0.0381
655 494576.934700 2121908.944000 0 0.2496
656 499711.041700 2122819.079000 0 0.2496
657 497803.767100 2121528.714000 0 0.0188
658 497442.177500 2121825.554000 0 0.3372
659 502098.109800 2124487.969000 0 0.3372
660 491288.313500 2121886.743000 0 0.3372
661 497099.025000 2122325.445000 0 0.2496
662 492743.174300 2123735.104000 0 0.0642
663 494768.895700 2122975.304000 0 0.1407
664 498140.349300 2121849.178000 0 0.2496
665 498792.538600 2122237.292000 0 0.2496
666 499792.270400 2124786.543000 0 0.2496
667 498362.031300 2121835.806000 0 0.2496
668 499751.274900 2121893.054000 0 0.2496
669 496774.897100 2120993.597000 0 0.2496
670 492149.378700 2121515.954000 0 0.3372
671 492479.631900 2120901.779000 0 0.2496
672 500287.085000 2119867.838000 0 0.2496
673 500547.100500 2124930.221000 0 0.3372
674 497730.423500 2122059.445000 0 0.0104
675 500684.448000 2121174.329000 0 0.2496
676 493071.160100 2121401.625000 0 0.2496
677 499816.518300 2124936.421000 0 0.2496
678 500722.759400 2124913.436000 0 0.2496
679 499376.081300 2123229.656000 0 0.2496
680 499978.394000 2124800.779000 0 0.3372
681 490437.727100 2121942.765000 0 0.2496
682 494687.983000 2123188.357000 0 0.3372
683 492447.671700 2120523.683000 0 0.3372
684 501714.658600 2124735.422000 0 0.2496
685 489677.667200 2123075.287000 0 0.0642
686 496946.211200 2120729.123000 0 0.2496
687 500586.755100 2125027.248000 0 0.2496
688 500115.131800 2124874.766000 0 0.2496
689 491476.974900 2121366.288000 0 0.0148
690 500769.239600 2124372.567000 0 0.0148
691 497167.380200 2122178.506000 0 0.3372
692 492978.580700 2121388.623000 0 0.2496
693 500638.586300 2124948.062000 0 0.0228
694 496739.562100 2121039.723000 0 0.2496
695 494604.662500 2121908.339000 0 0.0642
696 497723.926100 2121962.744000 0 0.0104
697 497123.626400 2121123.462000 0 0.2496
698 497260.056800 2121868.970000 0 0.2496
699 495095.947300 2123245.998000 0 0.2496
700 497700.577500 2121380.520000 0 0.2496
701 490109.407600 2122158.731000 0 0.2496
702 499929.713700 2120304.103000 0 0.2496
703 498133.362000 2121721.747000 0 0.2496
704 498371.141000 2121530.150000 0 0.2496
705 500016.408100 2124862.177000 0 0.0381
706 497337.434600 2122174.137000 0 0.2496
707 497354.651600 2122452.320000 0 0.0642
708 499403.741300 2122658.587000 0 0.3372
709 499403.741300 2122658.587000 0 0.3372
710 492937.203700 2123807.243000 0 0.3372
711 491619.618500 2121273.180000 0 0.2496
712 492269.053800 2121307.274000 0 0.2496
713 497962.180100 2123074.468000 0 0.0381
714 490336.801600 2121541.781000 0 0.3372
715 500664.975600 2124491.417000 0 0.2496
716 494195.883200 2122493.186000 0 0.0188
717 498930.556300 2121928.298000 0 0.3372
718 497887.235100 2122137.198000 0 0.2496
719 494877.824100 2123315.285000 0 0.3372
720 499836.018700 2124926.893000 0 0.0642
721 497563.646200 2121797.307000 0 0.2496
722 497991.877900 2121929.062000 0 0.2496
723 499586.928900 2120680.659000 0 0.2496
724 495574.754900 2123322.222000 0 0.1407
725 495574.754900 2123322.222000 0 0.1407
726 495574.754900 2123322.222000 0 0.1407
727 500307.922600 2125200.896000 0 0.2496
728 497451.068500 2122076.075000 0 0.2496
729 499839.591300 2119749.843000 0 0.2496
730 499839.591300 2119749.843000 0 0.2496
731 493665.751200 2121324.057000 0 0.0381
732 493665.751200 2121324.057000 0 0.0381
733 493665.751200 2121324.057000 0 0.0381
734 493665.751200 2121324.057000 0 0.0381
735 492858.107000 2121250.654000 0 0.1407
736 494865.897800 2122849.580000 0 0.2496
737 500027.968300 2124880.501000 0 0.3372
738 500030.319100 2123996.741000 0 0.3372
739 494943.026600 2122888.406000 0 0.2496
740 498122.761000 2121735.020000 0 0.2496
741 499249.900800 2123423.294000 0 0.0381
742 499249.900800 2123423.294000 0 0.0381
743 497456.231400 2121606.523000 0 0.0228
744 498410.327300 2122723.925000 0 0.1407
745 498410.327300 2122723.925000 0 0.1407
746 500345.381000 2124749.645000 0 0.3372
747 499923.083000 2123653.173000 0 0.3372
748 500426.909400 2124637.257000 0 0.3372
749 500426.909400 2124637.257000 0 0.3372
750 497502.082500 2122163.322000 0 0.2496
751 498113.945700 2122388.180000 0 0.3372
752 492965.826900 2121251.442000 0 0.2496
753 497840.928500 2122648.438000 0 0.3372
754 500661.189900 2124911.070000 0 0.3372
755 499456.583600 2122553.172000 0 0.2496
756 500690.835600 2125028.355000 0 0.2496
757 497555.138300 2122846.791000 0 0.2496
758 497806.791400 2121666.742000 0 0.3372
759 491651.476800 2121755.077000 0 0.2496
760 500036.003100 2124892.972000 0 0.2496
761 494352.320400 2123079.267000 0 0.2496
762 492522.860000 2121230.725000 0 0.2496
763 499888.680500 2122953.854000 0 0.0381
764 500555.917000 2119290.539000 0 0.2496
765 491520.576600 2121745.794000 0 0.2496
766 499426.795200 2122758.162000 0 0.2496
767 501716.980700 2124733.933000 0 0.3372
768 492509.744000 2120302.636000 0 0.2496
769 491152.540900 2121935.598000 0 0.3372
770 491000.351200 2122384.829000 0 0.0381
771 489495.358000 2122850.526000 0 0.2496
772 498281.423500 2122245.377000 0 0.3372
773 499152.627700 2120158.145000 0 0.2496
774 500754.858800 2124422.172000 0 0.3372
775 499188.613800 2122960.860000 0 0.1407
776 499188.613800 2122960.860000 0 0.1407
777 498062.683000 2122032.097000 0 0.0642
778 500904.514300 2124572.457000 0 0.3372
779 500904.514300 2124572.457000 0 0.3372
780 500454.770200 2125767.090000 0 0.2496
781 490550.188800 2122123.124000 0 0.1407
782 500825.005400 2124630.124000 0 0.3372
783 500790.643900 2119458.523000 0 0.2496
784 498611.671800 2121752.051000 0 0.0104
785 499804.715900 2124204.677000 0 0.0381
786 500753.690700 2124250.934000 0 0.3372
787 497314.410600 2122282.809000 0 0.0148
788 497314.410600 2122282.809000 0 0.0148
789 492487.047000 2119967.382000 0 0.0072
790 492252.330400 2121213.179000 0 0.2496
791 502154.525600 2124651.662000 0 0.3372
792 497579.079300 2121406.783000 0 0.3372
793 497734.378200 2121742.291000 0 0.0642
794 497986.678600 2122229.362000 0 0.0188
795 500264.279600 2121343.304000 0 0.3372
796 497846.741300 2122079.262000 0 0.2496
797 498144.894100 2121713.795000 0 0.2496
798 500176.458400 2119448.219000 0 0.2496
799 494716.175100 2123339.275000 0 0.2496
800 490712.641600 2122637.257000 0 0.2496
801 498102.129200 2121735.560000 0 0.2496
802 498236.412100 2122355.534000 0 0.0148
803 498236.412100 2122355.534000 0 0.0148
804 498140.147600 2121715.430000 0 0.3372
805 500536.802000 2124558.072000 0 0.0188
806 500363.575100 2124269.719000 0 0.3372
807 500396.329100 2119854.259000 0 0.3372
808 497942.917500 2122232.770000 0 0.3372
809 500993.809900 2124649.400000 0 0.3372
810 494319.062000 2122809.250000 0 0.1407
811 493093.665400 2123815.230000 0 0.2496
812 492055.749400 2121678.582000 0 0.2496
813 497233.379000 2121973.155000 0 0.2496
814 499432.449700 2122479.746000 0 0.1407
815 499432.449700 2122479.746000 0 0.1407
816 500540.770100 2124485.549000 0 0.3372
817 492359.725800 2121211.460000 0 0.2496
818 500469.272200 2125506.158000 0 0.3372
819 500943.967900 2124917.807000 0 0.2496
820 498136.902200 2121229.715000 0 0.0228
821 500079.016600 2120389.029000 0 0.0228
822 490048.637900 2122800.721000 0 0.3372
823 499938.953400 2119695.889000 0 0.2496
824 501186.868100 2124829.412000 0 0.2496
825 497363.221800 2122534.742000 0 0.2496
826 500021.012300 2125479.464000 0 0.3372
827 499171.578800 2120895.784000 0 0.0228
828 493566.397900 2121059.081000 0 0.2496
829 500739.569600 2124843.551000 0 0.0228
830 500890.329000 2119815.909000 0 0.3372
831 500890.329000 2119815.909000 0 0.3372
832 490820.626300 2122355.768000 0 0.0381
833 489250.983600 2122767.520000 0 0.0188
834 489250.983600 2122767.520000 0 0.0188
835 495365.199300 2123358.579000 0 0.0381
836 497500.285000 2122072.302000 0 0.2496
837 499812.045800 2124936.200000 0 0.3372
838 499982.245200 2122430.267000 0 0.2496
839 497678.274400 2122191.468000 0 0.3372
840 498009.906000 2122030.121000 0 0.0381
841 492322.024900 2121427.394000 0 0.3372
842 500650.699400 2121548.990000 0 0.0381
843 499126.272300 2122385.722000 0 0.2496
844 494704.325100 2122744.100000 0 0.3372
845 499571.002300 2122453.246000 0 0.3372
846 500713.750400 2125716.025000 0 0.2496
847 495071.857900 2123161.100000 0 0.3372
848 499300.025600 2123011.191000 0 0.2496
849 500348.999400 2119759.806000 0 0.2496
850 497508.849100 2122152.110000 0 0.3372
851 499618.701000 2120672.567000 0 0.3372
852 499776.506200 2124838.605000 0 0.3372
853 500630.731600 2124634.917000 0 0.2496
854 495977.793800 2120554.329000 0 0.3372
855 500524.010200 2125234.740000 0 0.3372
856 500072.136200 2125248.016000 0 0.3372
857 500072.136200 2125248.016000 0 0.3372
858 494333.172900 2123003.340000 0 0.3372
859 497588.884300 2122160.751000 0 0.2496
860 499167.093300 2123038.325000 0 0.2496
861 496546.030700 2122836.724000 0 0.2496
862 500437.709500 2125709.198000 0 0.2496
863 500415.981700 2121633.540000 0 0.2496
864 493008.714320 2121613.385398 0 0.0526
865 492094.951701 2121465.528094 0 0.0526
866 494701.031251 2122784.663036 0 0.0526
867 500249.732615 2124244.728148 0 0.0526
868 500121.348278 2123883.508625 0 0.0526
869 500444.915758 2121551.740444 0 0.0526
870 500527.172278 2121819.847111 0 0.0526
871 495153.809356 2123296.689769 0 0.0526
872 500773.193759 2125137.152260 0 0.0009
873 497843.213455 2122835.268039 0 0.0526
874 493411.197801 2121379.387503 0 0.0526
875 500328.726051 2123794.459150 0 0.0526
876 492841.342647 2121590.771309 0 0.0526
877 500622.878054 2124112.002219 0 0.0526
878 496771.779803 2122401.215656 0 0.0009
879 497364.956181 2122496.591258 0 0.0009
880 493502.676439 2121190.206970 0 0.0526
881 500512.594469 2125036.148813 0 0.0526
882 491897.569437 2121259.697491 0 0.0526
883 500102.682204 2125762.649139 0 0.0526
884 500163.533189 2120092.220520 0 0.0526
885 497938.187285 2122159.493158 0 0.0526
886 495258.742404 2123978.015835 0 0.0526
887 492802.608834 2121416.274456 0 0.0526
888 497788.160346 2121822.774694 0 0.0526
889 492782.265335 2121436.702442 0 0.0526
890 490444.744401 2122366.279270 0 0.0526
891 492548.611717 2121243.690399 0 0.0526
892 499938.708077 2120440.928690 0 0.0526
893 494455.006450 2122982.624656 0 0.0526
894 500324.809424 2120525.838794 0 0.0526
895 494694.087035 2122902.880767 0 0.0526
896 492573.733043 2123649.146703 0 0.0526
897 490002.890592 2122033.854279 0 0.0526
898 496235.009149 2120705.686847 0 0.0526
899 490519.233472 2122526.490685 0 0.0526
900 496286.236878 2122784.558142 0 0.0526
901 500211.156831 2124657.908076 0 0.0526
902 492263.856142 2121791.828460 0 0.0526
903 500158.216260 2120248.074024 0 0.0526
904 497295.689149 2122052.439717 0 0.0009
905 489913.037433 2121804.090569 0 0.0526
906 494984.506795 2122336.185784 0 0.0526
907 497485.837642 2121951.381930 0 0.0526
908 497040.031374 2122403.308881 0 0.0526
909 494658.101973 2122136.650222 0 0.0526
910 492840.464847 2121668.324943 0 0.0526
911 497008.410242 2121602.755722 0 0.0526
912 497363.451972 2120971.215380 0 0.0526
913 489941.951417 2121932.366518 0 0.0526
914 500236.491144 2124434.641733 0 0.0526
915 497486.473634 2122765.344965 0 0.0526
916 490922.416259 2122224.458627 0 0.0526
917 490502.568112 2121847.046638 0 0.0526
918 492978.247830 2121743.201542 0 0.0526
919 493098.089203 2121401.876546 0 0.0526
920 491536.536237 2121058.660349 0 0.0526
921 497041.342711 2121881.996098 0 0.0526
922 500408.486391 2124148.497920 0 0.0526
923 493487.125177 2123907.221651 0 0.0526
924 493249.954058 2123701.004159 0 0.0526
925 492418.204251 2123398.959486 0 0.0526
926 500119.436778 2125592.189034 0 0.0526
927 492436.234725 2121719.875341 0 0.0526
928 499735.096341 2120663.855869 0 0.0526
929 500841.115889 2119772.847238 0 0.0526
930 494518.223016 2122675.006376 0 0.0526
931 490939.436517 2122485.566610 0 0.0526
932 497285.544958 2122008.440321 0 0.0009
933 497911.644802 2122880.391173 0 0.0526
934 497764.499457 2121970.020299 0 0.0526
935 490260.192545 2122171.601891 0 0.0526
936 492278.370754 2120591.541760 0 0.0526
937 500716.017969 2121698.022488 0 0.0526
938 497793.893888 2121921.264435 0 0.0526
939 494644.639086 2122057.518547 0 0.0526
940 496451.432162 2120161.009308 0 0.0526
941 493244.284903 2123641.350602 0 0.0526
942 497935.730622 2121007.819021 0 0.0526
943 492383.987924 2121420.656046 0 0.0526
944 497406.997826 2121690.928384 0 0.0526
945 492460.579682 2122106.730819 0 0.0526
946 492456.691070 2120870.187291 0 0.0526
947 494622.049834 2122680.070164 0 0.0526
948 500476.850255 2121869.468233 0 0.0526
949 495144.969734 2123891.739007 0 0.0526
950 500245.188073 2125924.454594 0 0.0526
951 496766.613231 2121601.137118 0 0.0526
952 498774.933665 2122851.146422 0 0.0526
953 497483.232772 2121932.825957 0 0.0526
954 497482.894668 2121960.915375 0 0.0526
955 494763.204620 2123550.876490 0 0.0526
956 496432.213762 2120513.086310 0 0.0526
957 492824.694485 2121163.175835 0 0.0526
958 490843.239178 2122520.666070 0 0.0526
959 492515.623159 2120618.453701 0 0.0526
960 499764.470574 2124843.627864 0 0.0526
961 499221.821900 2122035.346000 0 0.2496
962 499593.698500 2120765.332000 0 0.3372
963 498212.763400 2122254.567000 0 0.2496
964 491745.276155 2121209.788120 0 0.0526
965 491065.793817 2122149.651030 0 0.0526
966 497925.257300 2121120.242000 0 0.0381
967 496878.939400 2122017.806000 0 0.3372
968 496415.440000 2120465.911000 0 0.2496
969 496432.249621 2123101.310218 0 0.0526
970 497799.659700 2121958.662000 0 0.1407
971 497636.995800 2122068.622000 0 0.3372
972 497736.493800 2122128.176000 0 0.3372
973 500405.806200 2124853.751000 0 0.3372
974 497854.225600 2122180.236000 0 0.2496
975 498086.744700 2122030.973000 0 0.2496
976 490486.594600 2121473.309000 0 0.3372
977 498121.568800 2121796.788000 0 0.3372
978 494618.139600 2124910.887000 0 0.0228
979 496366.997300 2122669.729000 0 0.3372
980 500161.172300 2120550.870000 0 0.3372
981 500247.131900 2124347.479000 0 0.0642
982 499528.053700 2123094.680000 0 0.2496
983 500343.922000 2124863.334000 0 0.3372
984 497478.296900 2121778.903000 0 0.2496
985 494968.414500 2124297.984000 0 0.0381
986 497573.050700 2121476.026000 0 0.2496
987 500556.616400 2124927.871000 0 0.0228
988 497537.510700 2122601.715000 0 0.2496
989 500407.909500 2121123.390000 0 0.3372
990 496999.478940 2121523.459224 0 0.0526
991 499527.596300 2119952.673000 0 0.0381
992 498123.551800 2121727.134000 0 0.2496
993 497520.034100 2122504.729000 0 0.3372
994 500629.383800 2124733.530000 0 0.3372
995 500650.985500 2125122.796000 0 0.2496
996 500012.670200 2121853.465000 0 0.2496
997 500764.391600 2125128.816000 0 0.2496
998 499641.448798 2120736.688488 0 0.0526
999 497909.499600 2122040.214000 0 0.2496
1000 492291.369100 2121531.745000 0 0.3372
1001 497852.154300 2122150.403000 0 0.2496
1002 501101.697400 2125281.837000 0 0.2496
1003 500149.858700 2124635.730000 0 0.3372
1004 500528.771300 2125030.329000 0 0.3372
1005 500732.772400 2125357.908000 0 0.0642
1006 500732.772400 2125357.908000 0 0.0642
1007 500198.875400 2121928.118000 0 0.0642
1008 490433.143800 2122323.999000 0 0.2496
1009 499722.988200 2123248.424000 0 0.3372
1010 501838.141400 2123941.071000 0 0.3372
1011 497285.461800 2121730.299000 0 0.0148
1012 498329.517300 2121911.582000 0 0.2496
1013 497271.447351 2122440.914214 0 0.0526
1014 492727.724400 2121228.419000 0 0.3372
1015 490171.429800 2122113.009000 0 0.3372
1016 490171.429800 2122113.009000 0 0.3372
1017 494868.942400 2122767.843000 0 0.0148
1018 492199.370800 2121011.471000 0 0.2496
1019 501878.971500 2124716.800000 0 0.0381
1020 501878.971500 2124716.800000 0 0.0381
1021 501878.971500 2124716.800000 0 0.0381
1022 501878.971500 2124716.800000 0 0.0381
1023 501878.971500 2124716.800000 0 0.0381
1024 501083.882900 2124828.150000 0 0.3372
1025 491947.749561 2121051.424300 0 0.0526
1026 500706.202600 2119772.925000 0 0.3372
1027 492240.570000 2121466.101000 0 0.0381
1028 496659.692600 2120163.401000 0 0.3372
1029 498108.099100 2121741.454000 0 0.2496
1030 500693.120300 2125732.518000 0 0.2496
1031 499970.785000 2125492.424000 0 0.3372
1032 500612.316463 2124838.128800 0 0.0526
1033 495239.768100 2123603.405000 0 0.2496
1034 498037.362000 2122565.208000 0 0.0228
1035 493261.947700 2123892.154000 0 0.3372
1036 495945.748775 2120554.522756 0 0.0526
1037 492889.994195 2121402.858626 0 0.0526
1038 501287.277800 2124788.494000 0 0.0381
1039 500018.581499 2124257.750728 0 0.0526
1040 492198.367877 2121007.099897 0 0.0526
1041 496808.896000 2123247.841000 0 0.3372
1042 497830.875600 2122241.762000 0 0.1407
1043 490573.864662 2121936.847092 0 0.0526
1044 499359.783900 2122167.666000 0 0.0381
1045 493263.352300 2121831.982000 0 0.2496
1046 494801.190400 2122570.712000 0 0.3372
1047 500840.230885 2119621.967571 0 0.0526
1048 490352.125137 2121502.774892 0 0.0526
1049 500270.323900 2124749.915000 0 0.3372
1050 497726.906900 2121744.908000 0 0.3372
1051 499890.493000 2121926.272000 0 0.0188
1052 497734.980300 2121289.582000 0 0.3372
1053 499640.865361 2121577.922015 0 0.0526
1054 501796.323200 2124714.235000 0 0.3372
1055 497772.755300 2121969.325000 0 0.3372
1056 490957.131300 2122188.639000 0 0.2496
1057 499826.926000 2124213.577000 0 0.3372
1058 497282.790200 2122493.799000 0 0.3372
1059 493031.490754 2123557.715803 0 0.0526
1060 492681.992200 2121220.077000 0 0.0642
1061 492681.992200 2121220.077000 0 0.0642
1062 494705.480600 2123424.631000 0 0.2496
1063 492788.300503 2123292.907535 0 0.0526
1064 499188.180000 2121877.758000 0 0.3372
1065 500831.729400 2124749.305000 0 0.0148
1066 499665.043313 2120484.370055 0 0.0526
1067 493928.417778 2122958.859644 0 0.0526
1068 492768.675000 2121623.068000 0 0.0381
1069 498086.744600 2122029.291000 0 0.0381
1070 500553.720000 2120527.329000 0 0.2496
1071 497845.513700 2122037.570000 0 0.2496
1072 499726.342893 2125410.952942 0 0.0526
1073 496474.456000 2120367.489000 0 0.2496
1074 492860.092500 2123580.069000 0 0.2496
1075 497745.793700 2121891.118000 0 0.1407
1076 500493.608400 2125610.431000 0 0.2496
1077 496618.993200 2120306.577000 0 0.0148
1078 494791.881900 2123344.598000 0 0.0381
1079 492742.245800 2121224.190000 0 0.2496
1080 492742.245800 2121224.190000 0 0.2496
1081 494878.373000 2123346.237000 0 0.0188
1082 494878.373000 2123346.237000 0 0.0188
1083 497440.361300 2122047.346000 0 0.0148
1084 499600.147900 2123384.903000 0 0.3372
1085 500354.196300 2125700.085000 0 0.2496
1086 498465.592018 2122839.334683 0 0.0526
1087 493761.679500 2122858.219000 0 0.2496
1088 496964.090800 2120704.599000 0 0.2496
1089 497503.594400 2122203.324000 0 0.0148
1090 500738.086600 2119674.319000 0 0.0381
1091 497022.996200 2120650.463000 0 0.2496
1092 500671.305900 2125829.899000 0 0.2496
1093 497072.125300 2122622.982000 0 0.0188
1094 495896.863900 2120472.541000 0 0.0381
1095 492287.788700 2121572.567000 0 0.0381
1096 492287.788700 2121572.567000 0 0.0381
1097 495192.152200 2123499.899000 0 0.3372
1098 492976.365400 2121402.092000 0 0.3372
1099 490982.707975 2122272.785993 0 0.0526
1100 492681.280047 2123343.307529 0 0.0526
1101 496464.329200 2120264.427000 0 0.2496
1102 494763.267600 2123020.045000 0 0.3372
1103 500641.044900 2125187.522000 0 0.2496
1104 490380.517454 2121474.570210 0 0.0526
1105 494759.153900 2124091.696000 0 0.2496
1106 499364.307400 2122497.285000 0 0.3372
1107 500942.303600 2124027.071000 0 0.3372
1108 500351.659100 2125696.441000 0 0.2496
1109 489192.998100 2122522.042000 0 0.2496
1110 500736.136600 2124479.802000 0 0.2496
1111 496927.133000 2120753.354000 0 0.0381
1112 496927.133000 2120753.354000 0 0.0381
1113 497776.518200 2121989.945000 0 0.0104
1114 499512.934600 2120035.687000 0 0.3372
1115 497788.489500 2121495.317000 0 0.3372
1116 501522.105580 2124454.269302 0 0.0526
1117 498577.377119 2121665.947936 0 0.0526
1118 491714.036000 2121685.722000 0 0.2496
1119 494470.319349 2121930.416214 0 0.0526
1120 501653.081364 2124326.362858 0 0.0526
1121 500744.952500 2125358.765000 0 0.2496
1122 500387.484800 2124665.421000 0 0.3372
1123 494697.979400 2122437.817000 0 0.0381
1124 497523.786000 2122441.786000 0 0.3372
1125 494536.778129 2123026.755468 0 0.0526
1126 494239.820009 2122352.698903 0 0.0526
1127 499159.292500 2123024.606000 0 0.1407
1128 492804.993927 2123737.368587 0 0.0526
1129 500202.493900 2124022.647000 0 0.2496
1130 500202.493900 2124022.647000 0 0.2496
1131 500202.493900 2124022.647000 0 0.2496
1132 494981.559600 2123394.275000 0 0.3372
1133 494981.559600 2123394.275000 0 0.3372
1134 490492.386800 2122130.723000 0 0.3372
1135 499644.535774 2121564.438041 0 0.0526
1136 491085.208100 2122543.765000 0 0.0381
1137 491085.208100 2122543.765000 0 0.0381
1138 491085.208100 2122543.765000 0 0.0381
1139 491085.208100 2122543.765000 0 0.0381
1140 501159.281135 2124915.601755 0 0.0526
1141 497510.371200 2122112.518000 0 0.3372
1142 496713.842300 2122812.047000 0 0.2496
1143 490464.653009 2122662.760713 0 0.0526
1144 500727.477700 2125234.896000 0 0.3372
1145 493649.387600 2121300.797000 0 0.2496
1146 494457.114000 2123113.218000 0 0.3372
1147 497943.659000 2122601.375000 0 0.3372
1148 499272.227607 2123452.699255 0 0.0526
1149 498141.524200 2121843.852000 0 0.3372
1150 496642.979400 2121293.473000 0 0.2496
1151 493629.311344 2121397.066884 0 0.0526
1152 500405.860186 2124236.816015 0 0.0526
1153 492138.029600 2123512.069000 0 0.2496
1154 496850.025555 2122246.711150 0 0.0526
1155 493567.207900 2121063.406000 0 0.0381
1156 500191.434600 2119993.986000 0 0.0381
1157 500191.434600 2119993.986000 0 0.0381
1158 492756.670400 2123830.277000 0 0.2496
1159 499814.450162 2124639.217523 0 0.0526
1160 498829.060700 2122973.150000 0 0.2496
1161 489884.961700 2122744.640000 0 0.3372
1162 489971.515200 2121845.820000 0 0.0188
1163 490150.019300 2122040.649000 0 0.2496
1164 500720.771500 2125717.953000 0 0.3372
1165 499702.434200 2123342.931000 0 0.3372
1166 499702.434200 2123342.931000 0 0.3372
1167 499514.264400 2122172.422000 0 0.3372
1168 497625.246700 2122068.922000 0 0.2496
1169 498496.866216 2122855.656986 0 0.0526
1170 500701.346500 2124075.918000 0 0.0148
1171 499512.724600 2119930.482000 0 0.2496
1172 492858.327500 2123563.833000 0 0.3372
1173 500215.790300 2120271.516000 0 0.0642
1174 493644.771600 2121289.839000 0 0.0188
1175 496893.490300 2120454.561000 0 0.2496
1176 497800.635840 2121486.109446 0 0.0526
1177 497080.547700 2121268.505000 0 0.2496
1178 496741.717300 2122848.740000 0 0.2496
1179 492669.921400 2123174.165000 0 0.3372
1180 497743.733400 2122140.915000 0 0.3372
1181 500150.341200 2123998.814000 0 0.3372
1182 496903.940100 2121731.761000 0 0.3372
1183 497079.602700 2121612.781000 0 0.0381
1184 492609.395782 2120018.739659 0 0.0526
1185 500333.321200 2120023.368000 0 0.0381
1186 491753.149888 2121504.169605 0 0.0526
1187 501014.417929 2124495.347931 0 0.0526
1188 492167.860600 2121638.198000 0 0.0526
1189 499617.126100 2123190.726000 0 0.0188
1190 499949.853100 2125308.073000 0 0.0526
1191 498235.172200 2121192.864000 0 0.2496
1192 497554.496200 2122155.523000 0 0.3372
1193 502172.957800 2124682.732000 0 0.2496
1194 497953.937400 2122377.674000 0 0.2496
1195 498112.831200 2121742.926000 0 0.3372
1196 499649.508000 2119895.578000 0 0.2496
1197 493502.541700 2121368.541000 0 0.0381
1198 489397.163900 2123058.225000 0 0.2496
1199 496739.223800 2122837.267000 0 0.2496
1200 497778.179200 2122050.344000 0 0.3372
1201 496699.493100 2122428.152000 0 0.1407
1202 497724.208200 2121965.267000 0 0.3372
1203 501021.901400 2120336.104000 0 0.0526
1204 500667.165400 2124484.033000 0 0.3372
1205 499847.496200 2120802.992000 0 0.3372
1206 499788.209200 2125450.671000 0 0.2496
1207 499867.151300 2120798.956000 0 0.1407
1208 500781.809700 2124906.030000 0 0.2496
1209 499559.124100 2119918.847000 0 0.0642
1210 499558.731500 2122012.798000 0 0.0526
1211 497522.226400 2122367.951000 0 0.0381
1212 497400.106600 2121952.057000 0 0.0526
1213 497504.509100 2122119.162000 0 0.3372
1214 500750.880800 2124202.532000 0 0.3372
1215 492029.738600 2122040.455000 0 0.2496
1216 490672.241700 2122106.271000 0 0.3372
1217 499452.867000 2120040.361000 0 0.2496
1218 495187.986300 2123080.022000 0 0.2496
1219 500585.852200 2124928.604000 0 0.0148
1220 496469.537800 2123215.698000 0 0.0526
1221 490466.982900 2121938.432000 0 0.0526
1222 500909.581000 2124652.217000 0 0.2496
1223 499932.535900 2125513.784000 0 0.0381
1224 499902.934400 2124230.034000 0 0.0526
1225 496911.538100 2120802.888000 0 0.0381
1226 491979.824700 2121666.225000 0 0.2496
1227 489608.655600 2122928.176000 0 0.2496
1228 500644.904200 2125230.033000 0 0.0228
1229 500789.257000 2119459.595000 0 0.2496
1230 500420.853800 2125143.076000 0 0.3372
1231 492622.443900 2120983.498000 0 0.3372
1232 499605.963800 2120674.875000 0 0.3372
1233 494877.515300 2124461.979000 0 0.0188
1234 499327.001700 2122735.491000 0 0.2496
1235 493039.356900 2121608.724000 0 0.0526
1236 497505.345100 2122136.045000 0 0.1407
1237 494849.379800 2122767.664000 0 0.2496
1238 498889.146300 2122489.364000 0 0.0526
1239 497589.649800 2122030.257000 0 0.0526
1240 500013.165800 2125751.767000 0 0.2496
1241 500215.334900 2120142.714000 0 0.0526
1242 498663.147600 2123232.880000 0 0.0148
1243 493161.231600 2121816.678000 0 0.2496
1244 499695.232700 2121659.166000 0 0.2496
1245 497985.529000 2121127.153000 0 0.0526
1246 494992.507200 2123456.895000 0 0.2496
1247 496738.638400 2122036.271000 0 0.0526
1248 500635.647300 2124890.899000 0 0.2496
1249 495638.882100 2123935.285000 0 0.2496
1250 500529.766300 2125626.044000 0 0.0381
1251 496108.331684 2123298.843644 0 0.2496
1252 489934.169554 2122363.894288 0 0.3372
1253 493283.217580 2121763.019271 0 0.2496
1254 496879.736381 2121660.375432 0 0.3372
1255 499815.171990 2125012.847258 0 0.0526
1256 496266.707860 2120209.106111 0 0.0526
1257 499227.726580 2120220.738831 0 0.0526
1258 492820.707500 2123677.347628 0 0.3372
1259 500056.684790 2119527.738460 0 0.2496
1260 500359.251427 2124283.974694 0 0.3372
1261 500247.974320 2124908.653765 0 0.0526
1262 498135.458610 2121817.276852 0 0.3372
1263 490242.797957 2121976.334144 0 0.0526
1264 501059.173440 2124704.866778 0 0.0526
1265 494773.242308 2122867.570372 0 0.1407
1266 497692.076115 2122070.595429 0 0.3372
1267 492142.675304 2121525.323804 0 0.2496
1268 501452.615662 2124413.507425 0 0.2496
1269 501083.442949 2124681.073430 0 0.0526
1270 501723.430132 2124794.545303 0 0.0526
1271 497663.594808 2122063.405675 0 0.3372
1272 501730.817044 2123708.182313 0 0.2496
1273 494856.768303 2124475.408622 0 0.2496
1274 496764.420958 2121711.585470 0 0.0381
1275 500642.247611 2124198.573961 0 0.0526
1276 497421.533046 2121992.434415 0 0.0526
1277 492807.250692 2123633.350586 0 0.2496
1278 497489.597452 2122378.099934 0 0.2496
1279 494759.652113 2123206.422924 0 0.2496
1280 499452.257454 2122476.468963 0 0.0381
1281 497734.522048 2122140.710212 0 0.0381
1282 498338.843017 2123057.859536 0 0.0526
1283 489999.640552 2121886.130379 0 0.0148
1284 497607.098695 2122369.442434 0 0.2496
1285 498026.778403 2122032.904312 0 0.2496
1286 500710.355635 2125710.772284 0 0.2496
1287 497462.439373 2121636.962666 0 0.2496
1288 497951.142887 2122713.870150 0 0.3372
1289 497701.473473 2122061.513194 0 0.2496
1290 500684.554704 2125855.046278 0 0.2496
1291 499708.541933 2125202.637273 0 0.2496
1292 499767.647167 2120434.552041 0 0.0381
1293 490495.646844 2121473.940082 0 0.2496
1294 493563.008823 2121045.309885 0 0.0188
1295 496593.078266 2120089.603889 0 0.3372
1296 495060.164060 2123239.057570 0 0.2496
1297 494720.666268 2123023.210580 0 0.0188
1298 494720.666268 2123023.210580 0 0.0188
1299 494287.881591 2123053.832340 0 0.2496
1300 489202.169357 2122789.671992 0 0.2496
1301 500100.692600 2124702.344030 0 0.0526
1302 490095.455612 2121842.871640 0 0.2496
1303 489919.600549 2122859.683191 0 0.0381
1304 490088.367203 2122747.409357 0 0.0381
1305 496677.339786 2120282.449009 0 0.0381
1306 500165.183679 2124010.717620 0 0.2496
1307 500165.183679 2124010.717620 0 0.2496
1308 501098.005524 2120192.315736 0 0.0526
1309 492625.097571 2121478.813469 0 0.0526
1310 501133.691968 2124822.754077 0 0.2496
1311 499963.457816 2125488.701820 0 0.2496
1312 494419.065371 2123118.489098 0 0.3372
1313 495883.841107 2120348.811790 0 0.0188
1314 496805.853423 2120210.035348 0 0.0526
1315 490565.233773 2121908.814709 0 0.2496
1316 491050.155178 2122267.240997 0 0.0526
1317 495941.139641 2123339.785127 0 0.2496
1318 496330.141625 2120029.385827 0 0.3372
1319 500592.643671 2124924.535776 0 0.3372
1320 497206.560548 2122759.234452 0 0.3372
1321 500552.432626 2124936.760282 0 0.3372
1322 501732.724772 2124776.075547 0 0.3372
1323 499945.146687 2123703.756450 0 0.2496
1324 500008.984301 2124189.691554 0 0.3372
1325 499963.687458 2125213.752037 0 0.2496
1326 500212.450757 2124014.110646 0 0.3372
1327 498903.644846 2122219.469929 0 0.3372
1328 500052.193773 2122236.625589 0 0.3372
1329 491904.669081 2120915.016122 0 0.2496
1330 499477.381739 2120011.374168 0 0.3372
1331 497618.419471 2121970.540650 0 0.3372
1332 490872.581486 2122254.750114 0 0.0526
1333 497493.593128 2121254.440089 0 0.3372
1334 492188.585065 2123711.379124 0 0.2496
1335 496699.286826 2122304.527855 0 0.2496
1336 501144.408233 2124787.962807 0 0.0526
1337 490870.951277 2122399.595793 0 0.0526
1338 500456.601001 2121310.850954 0 0.0526
1339 497602.872453 2122360.333161 0 0.3372
1340 496515.258723 2122510.811605 0 0.2496
1341 500138.180843 2121118.888980 0 0.3372
1342 496668.583741 2120206.763842 0 0.0381
1343 500611.508500 2124631.148000 0 0.2496
1344 499453.622400 2121876.839000 0 0.0526
1345 497666.237100 2121959.042000 0 0.3372
1346 498392.740100 2121516.001000 0 0.3372
1347 498255.750900 2122406.946000 0 0.3372
1348 496471.634000 2120367.003000 0 0.3372
1349 497772.072500 2121956.763000 0 0.2496
1350 499156.808100 2122147.877000 0 0.0381
1351 499156.808100 2122147.877000 0 0.0381
1352 497756.199100 2122146.208000 0 0.0642
1353 496504.998300 2120089.620000 0 0.3372
1354 493183.247000 2123540.017000 0 0.2496
1355 501447.515500 2124731.876000 0 0.3372
1356 497701.008400 2122468.651000 0 0.3372
1357 498257.848300 2122418.746000 0 0.3372
1358 495252.355700 2123305.524000 0 0.2496
1359 500730.677300 2125127.124000 0 0.3372
1360 502004.465100 2124219.831000 0 0.3372
1361 497001.066700 2122782.530000 0 0.3372
1362 497276.303600 2122089.175000 0 0.3372
1363 500713.945100 2124631.736000 0 0.3372
1364 497930.491600 2121489.594000 0 0.2496
1365 494532.593800 2122305.496000 0 0.0148
1366 501170.553600 2124828.380000 0 0.3372
1367 500363.907270 2125856.193384 0 0.0381
1368 498768.230954 2122971.445000 0 0.3372
1369 497904.177071 2121728.667000 0 0.3372
1370 500491.132312 2120701.297000 0 0.3372
1371 499358.512653 2122886.259000 0 0.0526
1372 500017.347234 2125836.983000 0 0.0526
1373 496856.257004 2121841.439000 0 0.2496
1374 491023.241432 2121989.907000 0 0.0381
1375 498112.283605 2121764.933000 0 0.2496
1376 500502.920574 2124736.156000 0 0.0526
1377 500132.535347 2122544.559000 0 0.3372
1378 497278.624895 2122528.037000 0 0.2496
1379 497699.139625 2121441.936000 0 0.3372
1380 502152.102073 2124648.177000 0 0.2496
1381 497600.468197 2122336.229000 0 0.2496
1382 498285.321795 2121596.766000 0 0.0526
1383 492351.133829 2121457.294000 0 0.3372
1384 498733.952928 2121976.488000 0 0.1407
1385 496509.264393 2120313.516000 0 0.0642
1386 490399.420027 2122137.410000 0 0.2496
1387 500856.852424 2124907.481000 0 0.1407
1388 490679.763654 2122494.791000 0 0.3372
1389 500347.586904 2124639.567000 0 0.0526
1390 494767.724148 2122311.683000 0 0.0526
;